1 1 96 98
1 2 428 441
1 3 299 317
1 4 394 412
1 5 9 26
1 6 41 55
1 7 186 191
1 8 331 340
1 9 70 81
1 10 273 278
1 11 459 473
1 12 459 474
1 14 125 142
1 15 358 374
2 1 98 100
2 2 427 438
2 3 301 318
2 4 394 411
2 5 10 28
2 6 42 57
2 7 186 190
2 8 331 337
2 9 74 77
2 10 274 278
2 11 460 474
2 12 244 250
2 14 125 143
2 15 360 375
3 1 337 339
3 2 140 152
3 3 367 378
3 4 300 319
3 5 447 464
3 6 166 177
3 7 396 402
3 8 11 25
3 9 241 247
3 10 194 197
3 11 269 284
3 12 106 124
3 13 41 45
3 14 211 222
3 15 421 435
4 1 335 338
4 2 139 151
4 3 368 378
4 4 301 312
4 5 448 462
4 6 166 176
4 7 396 400
4 8 12 24
4 9 240 243
4 10 193 196
4 11 268 284
4 12 104 119
4 14 210 217
4 15 415 432
5 1 335 337
5 2 145 150
5 3 213 220
5 4 177 196
5 5 359 367
5 6 116 124
5 7 68 71
5 8 464 470
5 9 46 50
5 10 92 96
5 11 397 416
5 12 305 313
5 13 431 437
5 14 10 29
5 15 243 257
6 1 335 336
6 2 144 150
6 3 214 222
6 4 176 195
6 5 359 367
6 6 115 122
6 7 68 70
6 8 464 468
6 9 46 48
6 10 93 97
6 11 398 411
6 12 306 317
6 13 431 437
6 14 9 20
6 15 243 257
7 1 165 167
7 2 282 288
7 3 225 230
7 4 307 323
7 5 133 139
7 6 59 69
7 7 35 38
7 8 402 408
7 9 110 116
7 10 8 11
7 11 338 354
7 12 248 258
7 13 80 87
7 14 191 195
7 15 368 385
8 1 165 167
8 2 279 284
8 3 224 232
8 4 310 326
8 5 132 139
8 6 58 67
8 7 34 39
8 8 401 407
8 9 109 115
8 10 9 14
8 11 340 351
8 12 248 258
8 13 79 86
8 14 190 199
8 15 367 385
9 1 441 443
9 2 395 403
9 3 340 348
9 4 134 136
9 5 276 283
9 6 364 371
9 7 312 317
9 8 85 91
9 9 257 262
9 10 419 422
9 11 160 174
9 12 192 203
9 13 468 472
9 14 46 67
9 15 9 30
10 1 441 443
10 2 393 400
10 3 339 343
10 4 120 124
10 5 275 281
10 6 365 371
10 7 312 316
10 8 82 89
10 9 256 260
10 10 418 422
10 11 159 172
10 12 191 206
10 13 468 473
10 14 46 66
10 15 6 30
11 1 454 456
11 2 396 410
11 3 369 380
11 4 13 33
11 5 46 60
11 6 104 122
11 7 318 322
11 8 243 250
11 9 164 168
11 10 220 224
11 11 283 302
11 12 425 439
11 13 337 341
11 14 133 149
11 15 74 91
12 1 455 457
12 2 397 410
12 3 370 382
12 4 9 30
12 5 45 61
12 6 106 120
12 7 318 323
12 8 242 250
12 9 163 167
12 10 220 224
12 11 282 302
12 12 425 440
12 13 338 342
12 14 133 148
12 15 74 91
13 1 183 186
13 2 432 442
13 3 248 263
13 4 223 237
13 5 69 94
13 6 333 352
13 7 457 460
13 8 482 490
13 9 275 281
13 10 403 406
13 11 2 23
13 12 107 128
13 13 305 312
13 14 376 389
13 15 39 58
14 1 186 190
14 2 434 443
14 3 254 263
14 4 230 240
14 5 72 98
14 6 333 354
14 7 458 461
14 8 480 491
14 9 277 281
14 10 403 408
14 11 8 23
14 12 109 128
14 13 295 311
14 14 368 392
14 15 38 60
15 1 292 293
15 2 115 131
15 3 207 225
15 4 386 402
15 5 418 436
15 6 263 276
15 7 10 17
15 8 452 462
15 9 180 187
15 10 239 243
15 11 44 65
15 12 491 505
15 13 143 147
15 14 353 369
15 15 81 98
16 1 293 295
16 2 115 131
16 3 209 224
16 4 385 404
16 5 416 435
16 6 263 276
16 7 9 13
16 8 452 465
16 9 179 185
16 10 239 242
16 11 42 61
16 12 491 505
16 13 142 145
16 14 354 369
16 15 79 97
17 1 70 86
17 2 265 288
17 3 302 322
17 4 364 388
17 5 465 490
17 6 196 218
17 7 7 19
17 8 99 114
17 9 170 184
17 10 504 518
17 11 399 423
17 12 134 156
17 13 229 239
17 14 333 355
17 15 32 54
18 1 68 86
18 2 267 289
18 3 307 325
18 4 364 385
18 5 464 490
18 6 197 221
18 7 9 21
18 8 97 120
18 9 170 184
18 10 506 519
18 11 397 418
18 12 133 156
18 13 229 251
18 14 331 356
18 15 31 48
19 1 72 74
19 2 168 179
19 3 421 435
19 4 353 376
19 5 386 396
19 6 138 145
19 7 9 13
19 8 106 111
19 9 199 202
19 10 328 331
19 11 41 50
19 12 273 280
19 13 219 222
19 14 298 312
19 15 245 258
20 1 71 73
20 2 169 180
20 3 419 437
20 4 353 374
20 5 387 400
20 6 138 152
20 7 9 12
20 8 104 110
20 9 199 203
20 10 329 332
20 11 40 49
20 12 273 280
20 13 219 223
20 14 298 312
20 15 246 258
21 1 47 50
21 2 363 372
21 3 171 183
21 4 391 407
21 5 198 212
21 6 231 244
21 7 472 475
21 8 98 103
21 9 426 430
21 10 449 454
21 11 138 152
21 12 263 279
21 13 8 12
21 14 292 298
21 15 68 82
22 1 43 46
22 2 362 372
22 3 173 183
22 4 390 407
22 5 198 213
22 6 230 241
22 7 471 474
22 8 98 104
22 9 425 429
22 10 448 451
22 11 136 152
22 12 263 276
22 13 9 12
22 14 292 298
22 15 69 83
23 1 10 24
23 2 188 202
23 3 463 479
23 4 395 416
23 5 129 146
23 6 365 378
23 7 344 351
23 8 217 230
23 9 46 55
23 10 162 172
23 11 253 267
23 12 70 85
23 13 281 296
23 14 310 327
23 15 98 115
24 1 12 27
24 2 187 202
24 3 464 479
24 4 395 412
24 5 129 145
24 6 364 376
24 7 344 351
24 8 217 229
24 9 45 54
24 10 162 172
24 11 252 266
24 12 69 83
24 13 280 295
24 14 310 327
24 15 96 114
25 1 30 31
25 2 451 465
25 3 388 401
25 4 60 80
25 5 417 431
25 6 334 345
25 7 363 369
25 8 272 276
25 9 9 15
25 10 152 158
25 11 180 197
25 12 303 319
25 13 92 101
25 14 118 135
25 15 239 255
26 1 30 31
26 2 450 460
26 3 387 401
26 4 62 78
26 5 417 431
26 6 336 345
26 7 362 368
26 8 272 276
26 9 9 13
26 10 152 158
26 11 241 255
26 12 304 315
26 13 92 95
26 14 118 129
26 15 240 253
27 1 306 308
27 2 164 174
27 3 274 287
27 4 390 403
27 5 447 462
27 6 417 432
27 7 337 340
27 8 135 140
27 9 250 253
27 10 362 365
27 11 104 119
27 12 196 210
27 13 220 226
27 14 9 24
27 15 67 82
28 1 305 307
28 2 162 178
28 3 273 288
28 4 389 404
28 5 446 460
28 6 414 430
28 7 336 340
28 8 133 141
28 9 250 252
28 10 361 365
28 11 104 118
28 12 194 208
28 13 220 225
28 14 8 23
28 15 67 81
29 1 372 375
29 2 37 57
29 3 133 151
29 4 422 437
29 5 262 284
29 6 195 215
29 7 165 172
29 8 228 246
29 9 401 406
29 10 106 112
29 11 339 357
29 12 298 318
29 13 69 85
29 14 7 24
29 15 485 507
30 1 372 375
30 2 43 59
30 3 144 153
30 4 419 437
30 5 261 275
30 6 190 211
30 7 164 176
30 8 224 239
30 9 400 405
30 10 107 112
30 11 340 357
30 12 296 315
30 13 70 86
30 14 7 25
30 15 482 509
