1 1 96 98
1 2 428 440
1 3 299 317
1 4 393 411
1 5 10 25
1 6 41 55
1 7 186 191
1 8 331 340
1 9 69 81
1 10 273 278
1 11 459 472
1 12 459 473
1 14 124 141
1 15 358 374
2 1 98 100
2 2 427 439
2 3 301 318
2 4 393 411
2 5 9 27
2 6 41 56
2 7 186 189
2 8 331 337
2 9 73 76
2 10 274 278
2 11 460 475
2 12 244 250
2 13 154 158
2 14 125 142
2 15 359 374
3 1 337 339
3 2 140 152
3 3 367 378
3 4 300 318
3 5 447 463
3 6 166 178
3 7 395 401
3 8 10 25
3 9 242 247
3 10 194 197
3 11 270 283
3 12 269 283
3 13 41 46
3 14 211 222
3 15 420 435
4 1 335 338
4 2 139 150
4 3 368 378
4 4 300 316
4 5 448 462
4 6 165 176
4 7 395 400
4 8 11 23
4 9 240 243
4 10 193 196
4 11 268 283
4 12 104 118
4 13 40 45
4 14 210 216
4 15 415 433
5 1 334 337
5 2 144 150
5 3 213 221
5 4 176 196
5 5 358 366
5 6 116 124
5 7 68 71
5 8 464 470
5 9 46 50
5 10 92 96
5 11 397 416
5 12 305 313
5 13 430 436
5 14 10 28
5 15 243 257
6 1 335 336
6 2 144 150
6 3 213 222
6 4 176 193
6 5 359 367
6 6 116 122
6 7 68 70
6 8 464 468
6 9 244 256
6 10 93 96
6 11 397 411
6 12 306 318
6 13 430 437
6 14 9 20
6 15 243 256
7 1 165 167
7 2 282 288
7 3 225 230
7 4 307 323
7 5 132 139
7 6 59 68
7 7 34 38
7 8 401 408
7 9 110 116
7 10 8 12
7 11 337 353
7 12 248 259
7 13 80 86
7 14 191 195
7 15 368 385
8 1 165 167
8 2 279 284
8 3 224 232
8 4 309 325
8 5 132 139
8 6 58 66
8 7 34 39
8 8 400 407
8 9 109 115
8 10 9 13
8 11 340 351
8 12 249 258
8 13 79 85
8 14 189 199
8 15 367 384
9 1 441 443
9 2 395 403
9 3 340 348
9 4 134 140
9 5 275 282
9 6 363 370
9 7 312 317
9 8 85 91
9 9 257 261
9 10 419 422
9 11 160 172
9 12 191 201
9 13 469 473
9 14 45 66
9 15 8 30
10 1 441 442
10 2 393 400
10 3 339 343
10 4 122 132
10 5 275 281
10 6 365 371
10 7 312 316
10 8 83 90
10 9 256 260
10 10 418 421
10 11 160 172
10 13 469 474
10 14 45 66
10 15 6 29
11 1 454 456
11 2 396 410
11 3 368 380
11 4 13 32
11 5 45 60
11 6 104 122
11 7 318 322
11 8 243 250
11 9 164 168
11 10 220 224
11 11 283 301
11 12 424 438
11 13 337 341
11 14 133 148
11 15 74 91
12 1 455 456
12 2 397 410
12 3 370 382
12 4 9 29
12 5 45 60
12 6 106 119
12 7 318 322
12 8 242 250
12 9 164 167
12 10 220 224
12 11 283 301
12 12 425 439
12 13 338 342
12 14 133 148
12 15 74 90
13 1 184 186
13 2 431 442
13 3 248 262
13 4 222 232
13 5 68 93
13 6 333 353
13 7 457 460
13 8 482 490
13 9 274 281
13 10 403 406
13 11 2 23
13 12 107 128
13 13 295 297
13 14 370 389
13 15 38 57
14 1 185 190
14 2 433 443
14 3 253 263
14 4 225 237
14 5 74 96
14 6 333 352
14 7 458 464
14 8 481 491
14 9 277 281
14 10 403 408
14 11 8 22
14 12 110 128
14 13 295 314
14 14 367 392
14 15 37 60
15 1 291 293
15 2 115 131
15 3 207 224
15 4 385 402
15 5 416 436
15 6 262 277
15 7 9 16
15 8 452 462
15 9 180 186
15 10 239 243
15 11 43 64
15 12 490 505
15 13 143 146
15 14 354 369
15 15 80 98
16 1 293 295
16 2 114 130
16 3 209 224
16 4 384 401
16 5 416 434
16 6 262 276
16 7 9 13
16 8 451 465
16 9 179 185
16 10 239 242
16 11 41 60
16 12 489 506
16 13 142 145
16 14 353 369
16 15 79 97
17 1 70 85
17 2 265 288
17 3 301 322
17 4 364 386
17 5 465 488
17 6 196 217
17 7 7 20
17 8 99 114
17 9 171 183
17 10 503 517
17 11 399 421
17 12 133 156
17 13 229 239
17 14 334 355
17 15 32 54
18 1 68 80
18 2 267 288
18 3 311 325
18 4 363 384
18 5 466 490
18 6 194 215
18 7 9 20
18 8 97 119
18 9 171 185
18 10 505 518
18 11 397 418
18 12 132 156
18 13 229 251
18 14 331 357
18 15 32 48
19 1 72 73
19 2 168 179
19 3 421 435
19 4 354 370
19 5 386 394
19 6 138 145
19 7 9 13
19 8 106 110
19 9 199 202
19 10 328 331
19 11 40 50
19 12 273 280
19 13 219 223
19 14 298 311
19 15 245 258
20 1 71 73
20 2 168 180
20 3 419 436
20 4 354 372
20 5 386 399
20 6 138 151
20 7 9 12
20 8 104 110
20 9 199 202
20 10 328 331
20 11 38 49
20 12 273 280
20 13 219 222
20 14 297 311
20 15 245 258
21 1 47 50
21 2 363 372
21 3 171 183
21 4 391 406
21 5 198 211
21 6 230 244
21 7 472 475
21 8 98 103
21 9 426 430
21 10 449 453
21 11 138 152
21 12 263 279
21 13 8 12
21 14 292 298
21 15 68 82
22 1 43 45
22 2 362 372
22 3 173 182
22 4 390 406
22 5 198 213
22 6 229 241
22 7 471 474
22 8 98 104
22 9 425 428
22 10 448 451
22 11 136 151
22 12 262 275
22 13 9 12
22 14 292 297
22 15 69 82
23 1 11 24
23 2 188 201
23 3 463 479
23 4 398 414
23 5 128 144
23 6 364 377
23 7 344 351
23 8 218 229
23 9 46 56
23 10 162 172
23 11 252 266
23 12 69 83
23 13 281 297
23 14 310 327
23 15 98 115
24 1 12 27
24 2 187 202
24 3 463 480
24 4 395 408
24 5 129 145
24 6 364 376
24 7 344 351
24 8 218 229
24 9 45 55
24 10 162 172
24 11 251 267
24 12 70 84
24 13 280 295
24 14 310 328
24 15 97 113
25 1 30 31
25 2 451 464
25 3 388 401
25 4 61 77
25 5 417 431
25 6 334 345
25 7 363 369
25 8 272 276
25 9 9 15
25 10 152 158
25 11 180 197
25 12 302 319
25 13 92 97
25 14 118 134
25 15 238 256
26 1 29 31
26 2 450 460
26 3 386 401
26 4 62 77
26 5 417 431
26 6 335 345
26 7 362 367
26 8 272 276
26 9 9 12
26 10 152 157
26 11 179 192
26 12 303 315
26 13 92 95
26 14 118 129
27 1 306 308
27 2 164 174
27 3 274 286
27 4 390 403
27 5 447 462
27 6 417 432
27 7 337 340
27 8 135 141
27 9 250 253
27 10 362 365
27 11 105 119
27 12 195 210
27 13 220 226
27 14 8 23
27 15 67 81
28 1 305 307
28 2 162 177
28 3 273 288
28 4 389 403
28 5 447 459
28 6 414 429
28 7 336 340
28 8 133 141
28 9 250 252
28 10 361 365
28 11 104 118
28 12 194 208
28 13 220 225
28 14 8 22
28 15 68 81
29 1 372 374
29 2 35 58
29 3 132 151
29 4 421 437
29 5 261 282
29 6 193 214
29 7 165 175
29 8 226 247
29 9 401 405
29 10 106 112
29 11 338 356
29 12 296 315
29 13 68 82
29 14 6 24
29 15 485 507
30 1 372 375
30 2 42 59
30 3 144 152
30 4 418 437
30 5 261 276
30 6 191 212
30 7 164 176
30 8 224 238
30 9 399 406
30 10 107 112
30 11 340 355
30 12 296 314
30 13 68 88
30 14 7 25
30 15 419 436
