1 1 96 98 0.6486843228340149
1 2 428 440 0.8972685933113098
1 3 299 317 0.848285436630249
1 4 394 411 0.8397200107574463
1 5 10 25 0.8423020243644714
1 6 41 55 0.8624181747436523
1 7 186 191 0.9131637215614319
1 8 331 340 0.9076249003410339
1 9 69 81 0.8433092832565308
1 10 273 278 0.8245444297790527
1 11 459 474 0.6128097176551819
1 12 459 474 0.6328789591789246
1 13 154 156 0.5791420936584473
1 14 124 141 0.8695068359375
1 15 358 374 0.9110225439071655
2 1 98 100 0.6951088905334473
2 2 428 439 0.8974977135658264
2 3 301 319 0.8660816550254822
2 4 394 412 0.8432397246360779
2 5 10 27 0.8321148157119751
2 6 42 56 0.8651366233825684
2 7 186 189 0.890693187713623
2 8 332 338 0.8662704825401306
2 9 73 76 0.7401757836341858
2 10 274 278 0.8351165652275085
2 11 460 475 0.7982773184776306
2 12 245 251 0.6038443446159363
2 13 154 158 0.3344545364379883
2 14 125 142 0.872347891330719
2 15 359 375 0.9244396090507507
3 1 337 339 0.6128242611885071
3 2 140 152 0.9046787023544312
3 3 367 379 0.8622686266899109
3 4 300 318 0.8535871505737305
3 5 447 464 0.8344887495040894
3 6 166 178 0.8695946931838989
3 7 395 401 0.8952590823173523
3 8 10 25 0.7985434532165527
3 9 242 247 0.8083327412605286
3 10 194 198 0.8114606142044067
3 11 270 283 0.5631999969482422
3 12 269 283 0.6985960006713867
3 13 41 47 0.605803370475769
3 14 211 222 0.9100810885429382
3 15 418 435 0.8970585465431213
4 1 335 338 0.6856836676597595
4 2 139 150 0.8663003444671631
4 3 368 378 0.8576986193656921
4 4 300 315 0.8754870891571045
4 5 448 462 0.8478776216506958
4 6 165 176 0.848791241645813
4 7 395 400 0.8558418154716492
4 8 11 23 0.8530943989753723
4 9 240 243 0.7507959604263306
4 10 194 197 0.6534788012504578
4 11 268 283 0.7956013083457947
4 12 104 117 0.8001513481140137
4 13 40 46 0.4322832524776459
4 14 211 217 0.8377248644828796
4 15 416 434 0.9314013719558716
5 1 334 337 0.6979384422302246
5 2 144 150 0.8375398516654968
5 3 213 221 0.7840787172317505
5 4 177 197 0.8702024221420288
5 5 359 366 0.7957642674446106
5 6 116 124 0.8551887273788452
5 7 68 71 0.7772170901298523
5 8 464 470 0.7869089841842651
5 9 46 50 0.8502299785614014
5 10 92 96 0.8325027227401733
5 11 398 416 0.8787906765937805
5 12 305 313 0.8525901436805725
5 13 430 436 0.7822086215019226
5 14 10 28 0.8834298253059387
5 15 243 257 0.9245917201042175
6 1 335 336 0.5878897309303284
6 2 144 150 0.822763979434967
6 3 213 222 0.8506283164024353
6 4 177 193 0.864220142364502
6 5 359 367 0.8105286955833435
6 6 116 122 0.7631983757019043
6 7 68 70 0.8536885380744934
6 8 464 469 0.7161357998847961
6 9 244 256 0.5888742804527283
6 10 93 96 0.888454794883728
6 11 398 411 0.8932222127914429
6 12 306 318 0.8723440766334534
6 13 430 437 0.844757616519928
6 14 9 20 0.8873432874679565
6 15 244 256 0.8533573150634766
7 1 165 167 0.6157065629959106
7 2 282 288 0.8565635085105896
7 3 225 230 0.7371389865875244
7 4 308 323 0.8748491406440735
7 5 133 139 0.6832214593887329
7 6 59 68 0.8128656148910522
7 7 34 38 0.9241555333137512
7 8 401 408 0.9074015617370605
7 9 110 117 0.8720924258232117
7 10 8 12 0.8543195128440857
7 11 338 353 0.8606662154197693
7 12 249 259 0.8582033514976501
7 13 80 87 0.8293010592460632
7 14 191 195 0.7147895693778992
7 15 368 385 0.9402101039886475
8 1 165 167 0.6845364570617676
8 2 280 285 0.8156995177268982
8 3 224 232 0.8390724062919617
8 4 310 324 0.8583874702453613
8 5 132 139 0.7868630886077881
8 6 58 66 0.8155428767204285
8 7 34 40 0.9353117346763611
8 8 401 407 0.8412883281707764
8 9 109 116 0.8698462843894958
8 10 9 13 0.8448650240898132
8 11 340 351 0.8689962029457092
8 12 249 258 0.7305393218994141
8 13 79 85 0.7743232250213623
8 14 189 199 0.6461777091026306
8 15 367 385 0.9383595585823059
9 1 441 443 0.6136509776115417
9 2 395 403 0.8923176527023315
9 3 340 348 0.7950931191444397
9 4 134 144 0.5587218403816223
9 5 276 283 0.7872567772865295
9 6 364 370 0.5002182722091675
9 7 313 318 0.8754590153694153
9 8 85 91 0.8548089861869812
9 9 257 261 0.843360960483551
9 10 419 423 0.8490949273109436
9 11 160 170 0.7299142479896545
9 12 191 199 0.5779634714126587
9 13 469 473 0.8369124531745911
9 14 46 67 0.8915167450904846
9 15 8 29 0.8424986004829407
10 1 441 442 0.6559835076332092
10 2 393 400 0.8440199494361877
10 3 339 343 0.5734334588050842
10 4 123 133 0.5335085391998291
10 5 276 282 0.7042996883392334
10 6 365 371 0.3396793305873871
10 7 313 317 0.878934383392334
10 8 83 90 0.8476048707962036
10 9 257 260 0.7262922525405884
10 10 418 422 0.8524845838546753
10 11 161 172 0.7074608206748962
10 12 192 208 0.24877884984016418
10 13 469 474 0.8039942979812622
10 14 46 67 0.8730746507644653
10 15 5 29 0.6340317726135254
11 1 455 456 0.663192093372345
11 2 396 410 0.9286782741546631
11 3 368 380 0.8673738241195679
11 4 13 31 0.8892627954483032
11 5 45 60 0.909835696220398
11 6 105 123 0.8904809951782227
11 7 319 323 0.9062961935997009
11 8 243 250 0.927284836769104
11 9 164 169 0.8434881567955017
11 10 220 224 0.789623498916626
11 11 283 301 0.8884809613227844
11 12 424 439 0.8977001309394836
11 13 337 341 0.7836010456085205
11 14 133 149 0.9258505702018738
11 15 74 92 0.9123868346214294
12 1 455 456 0.655583918094635
12 2 397 410 0.9004765152931213
12 3 370 382 0.8672195672988892
12 4 9 28 0.8717907667160034
12 5 45 60 0.8739985823631287
12 6 106 119 0.8878606557846069
12 7 319 322 0.8866344094276428
12 8 243 250 0.9190294146537781
12 9 164 167 0.7864376306533813
12 10 221 224 0.829066276550293
12 11 283 301 0.8413273096084595
12 12 426 440 0.8667755722999573
12 13 338 343 0.7337384223937988
12 14 133 148 0.9251060485839844
12 15 75 90 0.9274440407752991
13 1 184 186 0.624700665473938
13 2 431 442 0.9122591614723206
13 3 248 262 0.873322606086731
13 4 223 230 0.6358287334442139
13 5 68 92 0.7798899412155151
13 6 334 354 0.7827727198600769
13 7 457 460 0.5668564438819885
13 8 482 490 0.7846417427062988
13 9 273 281 0.7981351613998413
13 10 403 406 0.6690288186073303
13 11 3 24 0.5675647258758545
13 12 109 128 0.7168987393379211
13 13 295 297 0.26444971561431885
13 14 369 390 0.7214935421943665
13 15 37 58 0.8248431086540222
14 1 186 190 0.6721253395080566
14 2 433 443 0.9323519468307495
14 3 253 263 0.8551161885261536
14 4 223 236 0.7885993123054504
14 5 75 96 0.8041960000991821
14 6 333 352 0.7986204624176025
14 7 458 469 0.7726704478263855
14 8 481 491 0.834886908531189
14 9 278 281 0.6718084216117859
14 10 403 409 0.5186041593551636
14 11 8 24 0.2786889374256134
14 12 110 129 0.8019859790802002
14 13 296 316 0.7876985669136047
14 14 368 392 0.6749895215034485
14 15 37 61 0.873964250087738
15 1 291 293 0.6351434588432312
15 2 115 131 0.9010986089706421
15 3 207 224 0.8384811282157898
15 4 385 402 0.8491226434707642
15 5 416 436 0.8676465153694153
15 6 262 277 0.8601697087287903
15 7 10 16 0.8715641498565674
15 8 452 462 0.8779341578483582
15 9 180 186 0.8628495931625366
15 10 239 243 0.7951415181159973
15 11 44 64 0.7871699929237366
15 12 490 505 0.8328699469566345
15 13 143 146 0.8587413430213928
15 14 354 369 0.9142591953277588
15 15 80 99 0.9248486757278442
16 1 293 295 0.6785540580749512
16 2 114 130 0.9002155065536499
16 3 209 224 0.8313846588134766
16 4 385 401 0.8595588207244873
16 5 416 435 0.8742768168449402
16 6 262 276 0.8892342448234558
16 7 9 13 0.7814105749130249
16 8 451 465 0.8405686020851135
16 9 179 185 0.8756936192512512
16 10 239 242 0.6982054710388184
16 11 41 60 0.8393270373344421
16 12 490 506 0.8521518111228943
16 13 143 145 0.7960182428359985
16 14 353 370 0.9116631150245667
16 15 79 98 0.91200190782547
17 1 70 86 0.859411895275116
17 2 265 287 0.804719090461731
17 3 302 322 0.7336777448654175
17 4 365 388 0.5723330974578857
17 5 466 488 0.8133866190910339
17 6 196 217 0.8728089928627014
17 7 7 21 0.9202725291252136
17 8 99 114 0.8214202523231506
17 9 172 184 0.8311507105827332
17 10 504 517 0.8312352895736694
17 11 399 420 0.6959784030914307
17 12 133 156 0.7138530611991882
17 13 230 238 0.7785853147506714
17 14 334 356 0.8663090467453003
17 15 34 54 0.8396169543266296
18 1 68 83 0.6655846238136292
18 2 267 289 0.8799725770950317
18 3 312 325 0.664603590965271
18 4 363 384 0.7747631669044495
18 5 469 490 0.7171924114227295
18 6 193 213 0.8088293075561523
18 7 9 20 0.870803713798523
18 8 97 119 0.8486404418945312
18 9 172 185 0.6971380710601807
18 10 506 518 0.8764575719833374
18 11 397 418 0.645011842250824
18 12 131 156 0.6953018307685852
18 13 231 253 0.6253660917282104
18 14 331 357 0.7800079584121704
18 15 32 50 0.8192175030708313
19 1 72 73 0.6777685284614563
19 2 168 180 0.8871299028396606
19 3 421 435 0.8390968441963196
19 4 354 369 0.7433153986930847
19 5 386 394 0.7871124744415283
19 6 139 144 0.8040457963943481
19 7 9 13 0.8872379660606384
19 8 106 110 0.8718746900558472
19 9 199 202 0.7549712061882019
19 10 328 331 0.8604266047477722
19 11 40 50 0.8395810127258301
19 12 272 280 0.770169734954834
19 13 220 223 0.89179927110672
19 14 298 311 0.879439651966095
19 15 246 258 0.8848245143890381
20 1 71 73 0.6145968437194824
20 2 168 180 0.8674611449241638
20 3 419 436 0.8618800640106201
20 4 354 372 0.8594188094139099
20 5 387 399 0.8881211280822754
20 6 138 151 0.8896928429603577
20 7 9 12 0.8654276132583618
20 8 105 110 0.8169045448303223
20 9 199 202 0.8228437304496765
20 10 328 331 0.8559679985046387
20 11 39 49 0.7949522733688354
20 12 273 280 0.8108750581741333
20 13 219 222 0.7870447039604187
20 14 297 311 0.8819050192832947
20 15 246 258 0.8625099658966064
21 1 47 50 0.6735607981681824
21 2 363 372 0.9113456010818481
21 3 171 183 0.8743041157722473
21 4 392 408 0.8282234072685242
21 5 198 211 0.8930683732032776
21 6 230 244 0.8828434348106384
21 7 472 475 0.8484559655189514
21 8 98 103 0.8540489673614502
21 9 426 430 0.8783965706825256
21 10 449 453 0.8170123100280762
21 11 138 152 0.8739488124847412
21 12 263 279 0.8416264653205872
21 13 9 12 0.8450122475624084
21 14 292 298 0.5382006168365479
21 15 68 82 0.8876473307609558
22 1 43 45 0.6516355872154236
22 2 362 372 0.9155886769294739
22 3 173 182 0.8531332015991211
22 4 390 406 0.9212590456008911
22 5 198 213 0.8874721527099609
22 6 229 242 0.8918254375457764
22 7 471 474 0.8162108659744263
22 8 98 104 0.906385600566864
22 9 425 428 0.8667779564857483
22 10 448 451 0.8520585894584656
22 11 137 152 0.88746178150177
22 12 263 275 0.8745417594909668
22 13 9 12 0.848138689994812
22 14 292 298 0.7459998726844788
22 15 69 82 0.9172925353050232
23 1 11 25 0.8393756151199341
23 2 188 201 0.915249228477478
23 3 463 479 0.864518940448761
23 4 402 413 0.6527336835861206
23 5 128 145 0.8284518122673035
23 6 364 378 0.8427226543426514
23 7 344 351 0.8816596269607544
23 8 218 229 0.8880002498626709
23 9 46 56 0.8309133052825928
23 10 162 173 0.8495913743972778
23 11 252 266 0.8086780905723572
23 12 69 83 0.8676018714904785
23 13 281 298 0.4590089023113251
23 14 310 327 0.8962725400924683
23 15 98 115 0.9238612055778503
24 1 12 28 0.7870468497276306
24 2 187 203 0.8840668797492981
24 3 463 480 0.8106757402420044
24 4 395 408 0.7840190529823303
24 5 129 145 0.8734405040740967
24 6 364 377 0.8625467419624329
24 7 344 351 0.9151363372802734
24 8 218 229 0.9065886735916138
24 9 46 55 0.7790834307670593
24 10 162 172 0.8559880256652832
24 11 251 267 0.6257104873657227
24 12 70 84 0.8157849907875061
24 13 280 295 0.6177746057510376
24 14 310 328 0.8770047426223755
24 15 97 113 0.8544166684150696
25 1 30 31 0.4733714461326599
25 2 451 464 0.8950287103652954
25 3 388 401 0.8390939831733704
25 4 61 77 0.8829221725463867
25 5 417 432 0.908469557762146
25 6 334 345 0.8120911121368408
25 7 363 369 0.9160531163215637
25 8 272 276 0.8578349947929382
25 9 9 15 0.864493191242218
25 10 152 158 0.861312747001648
25 11 180 198 0.8398812413215637
25 12 304 319 0.8402183651924133
25 13 93 97 0.7385640144348145
25 14 118 134 0.9266828894615173
25 15 238 256 0.9498959183692932
26 1 29 31 0.39752939343452454
26 2 450 460 0.9160504341125488
26 3 386 401 0.8171305060386658
26 4 62 77 0.8661231398582458
26 5 417 432 0.9020065069198608
26 6 335 345 0.8313155174255371
26 7 362 367 0.9157959818840027
26 8 272 276 0.8703027367591858
26 9 9 12 0.8813801407814026
26 10 152 157 0.8210318684577942
26 11 180 193 0.8312713503837585
26 12 303 315 0.7926486134529114
26 13 92 95 0.772979736328125
26 14 118 131 0.8791751861572266
26 15 239 255 0.9169496893882751
27 1 306 308 0.7020171880722046
27 2 164 174 0.9097397923469543
27 3 274 287 0.8492113947868347
27 4 390 403 0.8421517014503479
27 5 447 462 0.84124755859375
27 6 417 432 0.8522652387619019
27 7 337 340 0.9018173813819885
27 8 135 141 0.8530943989753723
27 9 251 254 0.836092472076416
27 10 362 365 0.8708885312080383
27 11 105 119 0.9041318893432617
27 12 195 210 0.8222924470901489
27 13 220 227 0.7839870452880859
27 14 8 23 0.9247856736183167
27 15 67 82 0.9042153358459473
28 1 305 307 0.7744360566139221
28 2 162 177 0.9071721434593201
28 3 273 289 0.8152541518211365
28 4 389 403 0.8621107339859009
28 5 448 460 0.8483542203903198
28 6 414 429 0.8866309523582458
28 7 336 340 0.932468593120575
28 8 133 141 0.884596586227417
28 9 250 252 0.8430923819541931
28 10 361 365 0.885197639465332
28 11 104 119 0.9022859930992126
28 12 194 208 0.8967652916908264
28 13 220 226 0.8071370720863342
28 14 8 22 0.916634202003479
28 15 68 81 0.911459743976593
29 1 372 374 0.7118869423866272
29 2 35 58 0.8892159461975098
29 3 131 151 0.8241716027259827
29 4 421 437 0.7408249378204346
29 5 261 281 0.8125532269477844
29 6 192 214 0.7964746952056885
29 7 166 176 0.6821580529212952
29 8 225 247 0.584793746471405
29 9 401 405 0.7109143733978271
29 10 107 113 0.7816650867462158
29 11 338 356 0.7211143374443054
29 12 294 314 0.5191935300827026
29 13 68 87 0.8265602588653564
29 14 6 24 0.8614922165870667
29 15 486 507 0.8688087463378906
30 1 372 375 0.6787049174308777
30 2 42 59 0.9362041354179382
30 3 144 152 0.8211610317230225
30 4 418 437 0.5630649924278259
30 5 261 277 0.811514675617218
30 6 189 212 0.8436496257781982
30 7 165 176 0.8523107171058655
30 8 224 239 0.873150110244751
30 9 399 407 0.6914151310920715
30 10 107 113 0.8570136427879333
30 11 340 354 0.8818317651748657
30 12 296 313 0.8528715372085571
30 13 68 87 0.7430830597877502
30 14 7 25 0.8866739869117737
30 15 419 436 0.6120054125785828
