1 1 96 98 0.6592957973480225
1 2 428 441 0.9046921730041504
1 3 299 317 0.8582121729850769
1 4 393 412 0.8470721244812012
1 5 10 26 0.8084121942520142
1 6 41 55 0.8574755787849426
1 7 186 191 0.9226006269454956
1 8 331 340 0.9028790593147278
1 9 69 81 0.861531138420105
1 10 273 278 0.8913912773132324
1 11 459 472 0.6989338397979736
1 12 460 473 0.4787848889827728
1 14 125 142 0.8991800546646118
1 15 358 374 0.9368151426315308
2 1 98 100 0.6430855989456177
2 2 427 439 0.8816511034965515
2 3 301 318 0.8462069034576416
2 4 393 411 0.8676370978355408
2 5 9 27 0.7870893478393555
2 6 41 56 0.8326495885848999
2 7 186 190 0.9017271399497986
2 8 331 337 0.8622414469718933
2 9 74 77 0.7572701573371887
2 10 274 278 0.8852719068527222
2 11 460 475 0.8551355600357056
2 12 244 250 0.7564630508422852
2 13 394 399 0.20954199135303497
2 14 125 142 0.924575924873352
2 15 360 374 0.9458456039428711
3 1 337 339 0.6471180319786072
3 2 140 152 0.8833467364311218
3 3 367 378 0.8446329236030579
3 4 300 320 0.8027228713035583
3 5 447 463 0.8073503971099854
3 6 166 178 0.8584482073783875
3 7 396 402 0.9025717973709106
3 8 11 25 0.8574064373970032
3 9 242 247 0.8690727353096008
3 10 194 197 0.7071146368980408
3 11 270 283 0.8982995748519897
3 12 105 124 0.7823687791824341
3 13 41 46 0.3902354836463928
3 14 211 222 0.9136320948600769
3 15 422 435 0.901782214641571
4 1 335 338 0.5978650450706482
4 2 139 150 0.8574422001838684
4 3 368 378 0.8872562646865845
4 4 301 318 0.8459102511405945
4 5 448 463 0.8372694253921509
4 6 166 176 0.8610476851463318
4 7 396 400 0.8552923202514648
4 8 12 23 0.8627164363861084
4 9 240 243 0.8553732633590698
4 10 193 196 0.7721663117408752
4 11 268 283 0.9094676971435547
4 12 105 119 0.8374385237693787
4 13 40 43 0.21019311249256134
4 14 210 216 0.8583976626396179
4 15 415 433 0.8865917325019836
5 1 334 337 0.5745726823806763
5 2 144 150 0.8273346424102783
5 3 213 221 0.8496676087379456
5 4 176 195 0.8155429363250732
5 5 358 367 0.7736713886260986
5 6 116 124 0.8495761752128601
5 7 68 71 0.8435717821121216
5 8 464 470 0.8593689799308777
5 9 46 50 0.8019415140151978
5 10 92 96 0.888891339302063
5 11 397 416 0.893573522567749
5 12 305 313 0.8447957634925842
5 13 431 437 0.801296591758728
5 14 10 28 0.9178297519683838
5 15 243 257 0.8999562859535217
6 1 335 337 0.6008706092834473
6 2 144 150 0.8421560525894165
6 3 213 222 0.8953499794006348
6 4 176 193 0.9115794897079468
6 5 359 367 0.7336699962615967
6 6 116 122 0.8397141098976135
6 7 68 70 0.877547025680542
6 8 464 468 0.8601555228233337
6 9 46 48 0.5794166922569275
6 10 93 97 0.8825539946556091
6 11 397 412 0.9153742790222168
6 12 306 318 0.8372230529785156
6 13 431 437 0.8626886010169983
6 14 10 20 0.8952667117118835
6 15 243 256 0.8925831317901611
7 1 165 167 0.6044883131980896
7 2 282 288 0.8537787795066833
7 3 225 230 0.7846976518630981
7 4 307 324 0.8977727293968201
7 5 132 139 0.7002447247505188
7 6 59 69 0.8560478687286377
7 7 35 38 0.8766587376594543
7 8 402 408 0.8841690421104431
7 9 110 116 0.8588116765022278
7 10 9 12 0.8892655372619629
7 11 337 354 0.9271460771560669
7 12 248 259 0.8361694812774658
7 13 80 86 0.8693721890449524
7 14 191 196 0.8670006990432739
7 15 368 385 0.9440020322799683
8 1 165 167 0.6172667145729065
8 2 279 284 0.857569694519043
8 3 224 232 0.8362087607383728
8 4 309 326 0.8671875
8 5 132 140 0.7763879895210266
8 6 58 67 0.8345305323600769
8 7 34 39 0.9243689775466919
8 8 400 407 0.8357848525047302
8 9 109 115 0.8413660526275635
8 10 9 14 0.890358030796051
8 11 340 351 0.914913535118103
8 12 249 259 0.8338956832885742
8 13 79 86 0.8420688509941101
8 14 190 199 0.8373278975486755
8 15 367 384 0.9400010704994202
9 1 441 443 0.6237020492553711
9 2 395 403 0.8888304233551025
9 3 340 348 0.8155903220176697
9 4 134 136 0.4628136157989502
9 5 275 282 0.7586826086044312
9 6 363 371 0.7883877158164978
9 7 312 317 0.9028882384300232
9 8 85 91 0.877790093421936
9 9 257 262 0.8587111830711365
9 10 419 422 0.8152667284011841
9 11 160 174 0.8741967082023621
9 12 192 203 0.6818293929100037
9 13 469 473 0.7802584171295166
9 14 45 66 0.9062000513076782
9 15 9 31 0.8925337791442871
10 1 441 443 0.6142702102661133
10 2 393 400 0.8812408447265625
10 3 339 343 0.6461929678916931
10 4 122 132 0.30764394998550415
10 5 275 281 0.7089576125144958
10 6 365 371 0.6816890239715576
10 7 312 316 0.906224250793457
10 8 83 90 0.860097348690033
10 9 256 260 0.8003742694854736
10 10 418 421 0.840160608291626
10 11 160 174 0.5915391445159912
10 13 469 474 0.7968858480453491
10 14 45 66 0.9156567454338074
10 15 7 30 0.9048150181770325
11 1 454 456 0.6408619284629822
11 2 396 410 0.9108180403709412
11 3 368 380 0.8588624000549316
11 4 13 34 0.8295148015022278
11 5 46 60 0.8628572821617126
11 6 104 122 0.7853932976722717
11 7 318 322 0.9190096259117126
11 8 243 250 0.8903297185897827
11 9 164 168 0.8543911576271057
11 10 220 224 0.8373950123786926
11 11 284 303 0.8562678098678589
11 12 424 438 0.842962920665741
11 13 337 341 0.8378490805625916
11 14 133 148 0.9346643686294556
11 15 74 91 0.9215019941329956
12 1 455 457 0.6313490867614746
12 2 397 410 0.8893884420394897
12 3 370 382 0.8810640573501587
12 4 10 30 0.872248649597168
12 5 46 61 0.8508813977241516
12 6 106 119 0.876852810382843
12 7 318 323 0.8934938311576843
12 8 242 250 0.8922075629234314
12 9 164 168 0.7934966683387756
12 10 220 224 0.8755530118942261
12 11 283 302 0.9065512418746948
12 12 425 439 0.8393072485923767
12 13 338 342 0.8277212381362915
12 14 133 148 0.9337670207023621
12 15 74 90 0.9353765249252319
13 1 184 186 0.7444372773170471
13 2 431 443 0.8635944724082947
13 3 248 263 0.8944836258888245
13 4 222 236 0.5583118200302124
13 5 68 95 0.7829135656356812
13 6 333 353 0.7688828706741333
13 7 457 460 0.8782165050506592
13 8 482 490 0.8494514226913452
13 9 275 281 0.8278033137321472
13 10 403 406 0.8459253907203674
13 11 2 23 0.7294573187828064
13 12 107 128 0.7953429818153381
13 13 305 312 0.6137727499008179
13 14 372 389 0.8198738098144531
13 15 40 57 0.8950172066688538
14 1 185 190 0.7582911252975464
14 2 434 443 0.8853164315223694
14 3 254 263 0.881503701210022
14 4 230 239 0.521865963935852
14 5 73 98 0.7898520827293396
14 6 333 353 0.7703750729560852
14 7 458 461 0.8468367457389832
14 8 331 346 0.8358708620071411
14 9 277 281 0.7277403473854065
14 10 403 408 0.7410686612129211
14 11 9 22 0.657829225063324
14 12 110 128 0.7784508466720581
14 13 295 312 0.7224439978599548
14 14 367 392 0.8347312211990356
14 15 39 60 0.8236954212188721
15 1 292 293 0.6364036202430725
15 2 115 131 0.8821152448654175
15 3 207 224 0.8398378491401672
15 4 385 402 0.9002646207809448
15 5 416 436 0.8258520364761353
15 6 263 277 0.8547053337097168
15 7 9 16 0.8453155159950256
15 8 452 462 0.8926429748535156
15 9 181 187 0.8616098761558533
15 10 239 244 0.8898364901542664
15 11 43 65 0.8939268589019775
15 12 490 505 0.8248644471168518
15 13 143 147 0.8015716671943665
15 14 354 369 0.9280927181243896
15 15 82 98 0.9101031422615051
16 1 293 295 0.6911447644233704
16 2 114 131 0.877263069152832
16 3 209 224 0.8890031576156616
16 4 384 401 0.8822292685508728
16 5 416 434 0.8470919132232666
16 6 263 276 0.8879468441009521
16 7 9 13 0.9037042856216431
16 8 452 465 0.8669207096099854
16 9 180 185 0.8510301113128662
16 10 239 242 0.8412222862243652
16 11 42 60 0.9123803973197937
16 12 489 506 0.8299548029899597
16 13 142 145 0.6228356957435608
16 14 354 369 0.9343121647834778
16 15 79 97 0.9126359224319458
17 1 70 85 0.8649479746818542
17 2 265 290 0.7826552987098694
17 3 301 323 0.7975448369979858
17 4 364 384 0.4481033682823181
17 5 465 490 0.7836916446685791
17 6 196 217 0.7267554402351379
17 7 7 20 0.9161362648010254
17 8 101 114 0.7450341582298279
17 9 171 183 0.8557580709457397
17 10 503 518 0.8313817977905273
17 11 400 423 0.8840731978416443
17 12 134 156 0.8141114115715027
17 13 229 241 0.861456573009491
17 14 334 355 0.8555836081504822
17 15 32 54 0.8860457539558411
18 1 68 78 0.5452544093132019
18 2 267 288 0.816081702709198
18 3 311 325 0.6483954787254333
18 4 365 386 0.7034550309181213
18 5 465 490 0.7185177206993103
18 6 197 219 0.6530297994613647
18 7 9 21 0.926211953163147
18 8 97 120 0.8254313468933105
18 9 171 185 0.8293877243995667
18 10 505 519 0.8369424343109131
18 11 397 418 0.8654537796974182
18 12 133 157 0.7315718531608582
18 13 229 251 0.7960895895957947
18 14 332 357 0.8561578392982483
18 15 32 47 0.7368817329406738
19 1 72 74 0.6878219842910767
19 2 168 179 0.8458825349807739
19 3 421 435 0.8796061873435974
19 4 354 371 0.8301079869270325
19 5 386 395 0.7990553975105286
19 6 138 146 0.8354402780532837
19 7 9 13 0.9151105284690857
19 8 106 111 0.8763083219528198
19 9 199 202 0.8356426358222961
19 10 328 331 0.8610881567001343
19 11 40 51 0.8732455372810364
19 12 274 280 0.7707498669624329
19 13 219 223 0.8337498307228088
19 14 298 312 0.9252507090568542
19 15 245 258 0.9286012649536133
20 1 71 73 0.6646895408630371
20 2 168 180 0.8486692309379578
20 3 419 437 0.866963267326355
20 4 354 373 0.8655996322631836
20 5 386 399 0.8463638424873352
20 6 138 152 0.8819414377212524
20 7 9 12 0.8782325983047485
20 8 104 110 0.8669996857643127
20 9 199 202 0.8310516476631165
20 10 328 332 0.8761723637580872
20 11 38 49 0.8475796580314636
20 12 273 280 0.7261536121368408
20 13 219 223 0.8161743879318237
20 14 298 312 0.9240764379501343
20 15 245 259 0.8957468867301941
21 1 47 50 0.6678260564804077
21 2 363 372 0.8819754719734192
21 3 171 183 0.875438928604126
21 4 391 406 0.8745229840278625
21 5 198 211 0.7886640429496765
21 6 231 244 0.8593564629554749
21 7 472 476 0.8889800906181335
21 8 98 103 0.876641035079956
21 9 426 430 0.8635255694389343
21 10 449 454 0.8842035531997681
21 11 138 152 0.9178229570388794
21 12 263 280 0.8502318859100342
21 13 8 12 0.8479296565055847
21 14 292 299 0.8350920081138611
21 15 68 82 0.920437216758728
22 1 43 46 0.6044657230377197
22 2 362 372 0.8731724619865417
22 3 173 183 0.8809967637062073
22 4 390 407 0.9124318361282349
22 5 198 213 0.8152888417243958
22 6 230 241 0.8700644373893738
22 7 471 474 0.8514191508293152
22 8 98 104 0.8758595585823059
22 9 425 429 0.8201141953468323
22 10 448 451 0.8729442358016968
22 11 136 151 0.9133004546165466
22 12 262 276 0.870623767375946
22 13 9 12 0.8380760550498962
22 14 292 297 0.8564804792404175
22 15 69 82 0.9168546199798584
23 1 11 24 0.8707853555679321
23 2 188 202 0.8713193535804749
23 3 463 480 0.8730239868164062
23 4 396 415 0.7610731720924377
23 5 129 144 0.8599876761436462
23 6 365 377 0.8799434304237366
23 7 344 352 0.918971598148346
23 8 218 230 0.8933312296867371
23 9 46 56 0.8512348532676697
23 10 162 172 0.8729643821716309
23 11 252 267 0.919460654258728
23 12 70 84 0.8581192493438721
23 13 281 297 0.8735183477401733
23 14 310 328 0.9004114866256714
23 15 98 115 0.9339210987091064
24 1 12 27 0.868658721446991
24 2 187 202 0.8756822943687439
24 3 464 480 0.8868181705474854
24 4 395 409 0.873177707195282
24 5 129 145 0.8469290733337402
24 6 364 376 0.8488786816596985
24 7 344 352 0.9311864376068115
24 8 218 229 0.9096053838729858
24 9 45 55 0.7821334600448608
24 10 162 172 0.8641480207443237
24 11 252 267 0.8949511647224426
24 12 70 84 0.8475194573402405
24 13 280 295 0.8272842764854431
24 14 310 328 0.9080221056938171
24 15 97 114 0.9152159094810486
25 1 30 31 0.5508531332015991
25 2 451 465 0.8326013684272766
25 3 388 401 0.8783356547355652
25 4 61 79 0.8674396276473999
25 5 417 431 0.840765655040741
25 6 334 345 0.8477593064308167
25 7 363 369 0.9237031936645508
25 8 272 276 0.876623272895813
25 9 9 15 0.8785439133644104
25 10 152 158 0.8797944784164429
25 11 180 197 0.9084482192993164
25 12 302 319 0.8537601828575134
25 13 92 98 0.7912312150001526
25 14 118 135 0.9151907563209534
25 15 239 256 0.7545549869537354
26 1 30 31 0.42621591687202454
26 2 450 460 0.881375253200531
26 3 386 401 0.887348473072052
26 4 62 78 0.9009423851966858
26 5 417 431 0.8415657877922058
26 6 336 345 0.8430661559104919
26 7 362 368 0.8807461857795715
26 8 272 276 0.8810015916824341
26 9 9 13 0.8681001663208008
26 10 152 157 0.8361848592758179
26 11 179 192 0.854090690612793
26 12 303 315 0.8352967500686646
26 13 92 95 0.6944400072097778
26 14 118 129 0.9016287922859192
27 1 306 308 0.5794519186019897
27 2 164 174 0.8633888363838196
27 3 274 286 0.8619420528411865
27 4 390 403 0.8727507591247559
27 5 447 462 0.8359994292259216
27 6 417 432 0.8414415717124939
27 7 337 340 0.8935015201568604
27 8 135 141 0.842857301235199
27 9 250 253 0.8038527965545654
27 10 362 365 0.8545269966125488
27 11 105 119 0.9283311367034912
27 12 196 210 0.8157811164855957
27 13 220 226 0.7804558277130127
27 14 9 23 0.916989803314209
27 15 68 81 0.9266170859336853
28 1 305 307 0.5921163558959961
28 2 162 178 0.8740906715393066
28 3 273 288 0.8847885727882385
28 4 389 403 0.8712635040283203
28 5 446 459 0.8461363315582275
28 6 414 430 0.8819907903671265
28 7 336 340 0.8966874480247498
28 8 133 141 0.8763031959533691
28 9 250 252 0.7944821119308472
28 10 361 365 0.8907608985900879
28 11 104 118 0.93061763048172
28 12 194 208 0.8671882152557373
28 13 220 225 0.8236079216003418
28 14 8 23 0.9172305464744568
28 15 68 81 0.9433229565620422
29 1 372 374 0.6899246573448181
29 2 36 58 0.8113921880722046
29 3 133 152 0.8269143104553223
29 4 422 437 0.7319890856742859
29 5 261 285 0.763557493686676
29 6 195 215 0.7369784116744995
29 7 164 174 0.6417368054389954
29 8 227 247 0.7055010795593262
29 9 401 407 0.5074412226676941
29 10 106 112 0.8569450974464417
29 11 339 357 0.8882787823677063
29 12 299 316 0.762546181678772
29 13 68 73 0.45642292499542236
29 14 7 24 0.8774171471595764
29 15 484 508 0.8335865139961243
30 1 372 375 0.7197287678718567
30 2 43 59 0.9038613438606262
30 3 144 153 0.7947244048118591
30 4 419 437 0.8820510506629944
30 5 261 275 0.7912934422492981
30 6 194 213 0.689895749092102
30 7 164 176 0.9034650325775146
30 8 224 238 0.9028635025024414
30 9 401 405 0.6528076529502869
30 10 107 112 0.8104820847511292
30 11 340 357 0.8742200136184692
30 12 296 316 0.8249071836471558
30 13 68 90 0.524935781955719
30 14 7 25 0.8948253989219666
30 15 480 511 0.7722695469856262
